+--------------+---------------------+---------------------+-----------------+-------------------------+-------------------------+------------------+
| Proc Version | Timebox Start       | Timebox End         | Timebox Minutes | First Reaction          | Last Reaction           | Activity Minutes |
+--------------+---------------------+---------------------+-----------------+-------------------------+-------------------------+------------------+
| 1.1a         | 2019-04-02 18:30:00 | 2019-04-02 19:00:00 |              30 | 2019-04-02 18:30:11.882 | 2019-04-02 18:59:38.963 |               29 |
+--------------+---------------------+---------------------+-----------------+-------------------------+-------------------------+------------------+
+--------+------+------+------+---------------------+
| ym     | d    | h    | m    | reaction_per_minute |
+--------+------+------+------+---------------------+
| 201904 |    2 |   18 |   30 |                   1 |
| 201904 |    2 |   18 |   31 |                  63 |
| 201904 |    2 |   18 |   32 |                  11 |
| 201904 |    2 |   18 |   35 |                  34 |
| 201904 |    2 |   18 |   36 |                  43 |
| 201904 |    2 |   18 |   37 |                  60 |
| 201904 |    2 |   18 |   38 |                 102 |
| 201904 |    2 |   18 |   39 |                  59 |
| 201904 |    2 |   18 |   40 |                  51 |
| 201904 |    2 |   18 |   41 |                  42 |
| 201904 |    2 |   18 |   45 |                   1 |
| 201904 |    2 |   18 |   46 |                  51 |
| 201904 |    2 |   18 |   47 |                  60 |
| 201904 |    2 |   18 |   48 |                  78 |
| 201904 |    2 |   18 |   49 |                  49 |
| 201904 |    2 |   18 |   50 |                   6 |
| 201904 |    2 |   18 |   51 |                  11 |
| 201904 |    2 |   18 |   52 |                  21 |
| 201904 |    2 |   18 |   53 |                  50 |
| 201904 |    2 |   18 |   54 |                  27 |
| 201904 |    2 |   18 |   55 |                  44 |
| 201904 |    2 |   18 |   56 |                  52 |
| 201904 |    2 |   18 |   57 |                  71 |
| 201904 |    2 |   18 |   58 |                  66 |
| 201904 |    2 |   18 |   59 |                  55 |
+--------+------+------+------+---------------------+
+----------------+-----------------+--------------------------+------------------+---------------------------+
| Reaction Count | Timebox Minutes | Timebox Reaction Per Min | Activity Minutes | Activity Reaction Per Min |
+----------------+-----------------+--------------------------+------------------+---------------------------+
|           1108 |              30 |                   36.933 |               29 |                    38.207 |
+----------------+-----------------+--------------------------+------------------+---------------------------+
