+--------------+---------------------+---------------------+
| Proc Version | Timebox Start       | Timebox End         |
+--------------+---------------------+---------------------+
| 1.1a         | 2019-04-02 18:30:00 | 2019-04-02 19:00:00 |
+--------------+---------------------+---------------------+
+-------+-------------+--------------+---------------+
| ident | xref_id     | pending_time | reaction_time |
+-------+-------------+--------------+---------------+
| 29597 | caagc-46103 |        0.010 |         0.015 |
| 29602 | caagc-46553 |        0.009 |         0.015 |
| 29603 | caagc-45612 |        0.011 |         0.015 |
| 29605 | jira-12313  |        0.011 |         0.015 |
| 29607 | caagc-46563 |        0.009 |         0.015 |
| 29608 | jira-12314  |        0.011 |         0.015 |
| 29609 | jira-12315  |        0.010 |         0.015 |
| 29618 | caagc-45782 |        0.011 |         0.015 |
| 29595 | caagc-45909 |        0.009 |         0.016 |
| 29610 | jira-12259  |        0.011 |         0.016 |
| 29611 | caagc-46564 |        0.009 |         0.016 |
| 29612 | jira-12801  |        0.009 |         0.016 |
| 29616 | caagc-45648 |        0.009 |         0.016 |
| 29617 | jira-12310  |        0.012 |         0.016 |
| 29620 | caagc-46013 |        0.010 |         0.016 |
| 29621 | caagc-46558 |        0.012 |         0.016 |
| 29622 | jira-12802  |        0.011 |         0.016 |
| 29623 | jira-12290  |        0.013 |         0.016 |
| 29626 | jira-12312  |        0.019 |         0.016 |
| 29629 | caagc-46017 |        0.009 |         0.016 |
| 29592 | caagc-45863 |        0.008 |         0.017 |
| 29593 | caagc-45658 |        0.009 |         0.017 |
| 29599 | jira-12796  |        0.010 |         0.017 |
| 29619 | jira-12317  |        0.012 |         0.017 |
| 29594 | caagc-45867 |        0.011 |         0.018 |
| 29600 | jira-12301  |        0.009 |         0.018 |
| 29604 | caagc-46102 |        0.009 |         0.020 |
| 29606 | caagc-45897 |        0.009 |         0.021 |
| 29601 | caagc-45870 |        0.036 |         0.022 |
| 29627 | caagc-45668 |        0.010 |         0.022 |
| 29631 | caagc-45649 |        0.010 |         0.023 |
| 29613 | jira-12302  |        0.013 |         0.025 |
| 29614 | jira-12793  |        0.015 |         0.026 |
| 29615 | jira-12316  |        0.011 |         0.026 |
| 29598 | jira-12260  |        0.011 |         0.029 |
| 29596 | jira-12300  |        0.012 |         0.032 |
| 29630 | caagc-45614 |        0.009 |         0.037 |
| 29624 | caagc-45667 |        0.017 |         0.040 |
| 29625 | jira-12800  |        0.032 |         0.040 |
| 29682 | jira-17745  |        0.009 |         0.097 |
| 29408 | jira-17721  |        0.009 |         0.117 |
| 29656 | jira-17737  |        0.013 |         0.121 |
| 30041 | jira-17797  |        0.009 |         0.125 |
| 30038 | jira-17786  |        0.012 |         0.132 |
| 29797 | jira-17760  |        0.010 |         0.135 |
| 29429 | caagc-50681 |        0.008 |         0.143 |
| 29434 | jira-17447  |        0.012 |         0.152 |
| 29423 | caagc-50678 |        0.009 |         0.156 |
| 30129 | jira-17836  |        0.012 |         0.165 |
| 29441 | caagc-50662 |        0.008 |         0.167 |
| 29427 | caagc-51149 |        0.008 |         0.170 |
| 29416 | caagc-46119 |        0.008 |         0.172 |
| 29435 | caagc-45787 |        0.009 |         0.172 |
| 29425 | caagc-46779 |        0.007 |         0.173 |
| 29433 | caagc-46120 |        0.008 |         0.184 |
| 29411 | caagc-50689 |        0.008 |         0.187 |
| 29438 | caagc-46104 |        0.008 |         0.191 |
| 29443 | caagc-46105 |        0.008 |         0.197 |
| 29413 | jira-12865  |        0.008 |         0.201 |
| 29431 | caagc-45665 |        0.012 |         0.201 |
| 29412 | jira-12869  |        0.008 |         0.213 |
| 29561 | caagc-50676 |        0.008 |         0.216 |
| 29422 | caagc-51157 |        0.034 |         0.220 |
| 29420 | caagc-45629 |        0.008 |         0.224 |
| 30027 | jira-17786  |        0.010 |         0.228 |
| 29554 | caagc-45681 |        0.010 |         0.231 |
| 29440 | caagc-50677 |        0.008 |         0.240 |
| 29409 | caagc-50683 |        0.033 |         0.246 |
| 29677 | caagc-46003 |        0.008 |         0.260 |
| 29414 | caagc-45907 |        0.029 |         0.265 |
| 29673 | caagc-46004 |        0.008 |         0.270 |
| 29430 | caagc-50676 |        0.008 |         0.275 |
| 29410 | caagc-46117 |        0.008 |         0.278 |
| 29544 | caagc-50677 |        0.009 |         0.279 |
| 29676 | caagc-46723 |        0.010 |         0.280 |
| 29428 | caagc-45685 |        0.030 |         0.282 |
| 29667 | caagc-45971 |        0.009 |         0.282 |
| 29415 | caagc-46114 |        0.009 |         0.283 |
| 29685 | caagc-46006 |        0.009 |         0.283 |
| 29654 | caagc-46002 |        0.009 |         0.284 |
| 29663 | caagc-46012 |        0.010 |         0.295 |
| 29651 | caagc-46008 |        0.009 |         0.297 |
| 29634 | caagc-46001 |        0.009 |         0.301 |
| 29393 | caagc-46791 |        0.010 |         0.304 |
| 29636 | caagc-45952 |        0.009 |         0.314 |
| 29646 | caagc-45999 |        0.009 |         0.317 |
| 29655 | caagc-46000 |        0.008 |         0.326 |
| 29658 | caagc-46010 |        0.032 |         0.330 |
| 29632 | caagc-46009 |        0.009 |         0.332 |
| 29549 | caagc-45694 |        0.009 |         0.356 |
| 29742 | caagc-45246 |        0.008 |         0.364 |
| 29696 | caagc-46007 |        0.009 |         0.371 |
| 29426 | caagc-45681 |        0.008 |         0.383 |
| 29439 | caagc-45682 |        0.011 |         0.384 |
| 30144 | caagc-51511 |        0.010 |         0.409 |
| 30141 | caagc-51500 |        0.009 |         0.417 |
| 29424 | caagc-45565 |        0.008 |         0.423 |
| 29576 | caagc-45808 |        0.008 |         0.423 |
| 30142 | caagc-51482 |        0.009 |         0.425 |
| 30215 | caagc-51477 |        0.010 |         0.427 |
| 29704 | caagc-45998 |        0.009 |         0.434 |
| 30182 | caagc-51485 |        0.007 |         0.437 |
| 30145 | caagc-51476 |        0.007 |         0.438 |
| 30210 | caagc-51506 |        0.012 |         0.438 |
| 29633 | caagc-46011 |        0.008 |         0.439 |
| 30199 | caagc-51508 |        0.011 |         0.439 |
| 30209 | caagc-51474 |        0.010 |         0.440 |
| 30183 | caagc-51473 |        0.010 |         0.441 |
| 30221 | caagc-51484 |        0.011 |         0.441 |
| 30217 | caagc-51482 |        0.010 |         0.442 |
| 30178 | caagc-51476 |        0.007 |         0.444 |
| 30195 | caagc-51505 |        0.010 |         0.446 |
| 30211 | caagc-51481 |        0.010 |         0.453 |
| 30214 | caagc-51495 |        0.010 |         0.454 |
| 30194 | caagc-51493 |        0.011 |         0.456 |
| 30222 | caagc-51475 |        0.010 |         0.456 |
| 30132 | caagc-51493 |        0.007 |         0.457 |
| 30137 | caagc-51497 |        0.010 |         0.462 |
| 30180 | caagc-51514 |        0.010 |         0.463 |
| 30187 | caagc-51492 |        0.011 |         0.464 |
| 30161 | caagc-51544 |        0.010 |         0.466 |
| 30177 | caagc-51497 |        0.012 |         0.466 |
| 30006 | caagc-47104 |        0.012 |         0.475 |
| 30220 | caagc-51507 |        0.008 |         0.476 |
| 30213 | caagc-51471 |        0.010 |         0.479 |
| 30155 | caagc-51546 |        0.010 |         0.481 |
| 30186 | caagc-51509 |        0.010 |         0.482 |
| 30205 | caagc-51489 |        0.010 |         0.482 |
| 30196 | caagc-51498 |        0.007 |         0.484 |
| 29876 | caagc-46577 |        0.014 |         0.485 |
| 29890 | caagc-46621 |        0.009 |         0.485 |
| 30136 | caagc-51498 |        0.007 |         0.487 |
| 30185 | caagc-51470 |        0.007 |         0.491 |
| 30162 | caagc-51545 |        0.010 |         0.492 |
| 29885 | caagc-46580 |        0.009 |         0.493 |
| 30146 | caagc-51509 |        0.010 |         0.493 |
| 29581 | caagc-50662 |        0.009 |         0.494 |
| 30212 | caagc-51503 |        0.010 |         0.495 |
| 30158 | caagc-51540 |        0.010 |         0.496 |
| 30172 | caagc-51541 |        0.022 |         0.498 |
| 30135 | caagc-51507 |        0.018 |         0.499 |
| 29698 | caagc-46005 |        0.009 |         0.500 |
| 29881 | caagc-46582 |        0.012 |         0.500 |
| 30188 | caagc-51491 |        0.010 |         0.503 |
| 29989 | caagc-46586 |        0.009 |         0.504 |
| 29855 | caagc-46575 |        0.009 |         0.506 |
| 30160 | caagc-51539 |        0.010 |         0.506 |
| 29983 | caagc-46579 |        0.011 |         0.508 |
| 30191 | caagc-51499 |        0.011 |         0.508 |
| 29906 | caagc-46616 |        0.010 |         0.509 |
| 29419 | caagc-45584 |        0.008 |         0.510 |
| 30010 | caagc-46590 |        0.010 |         0.510 |
| 30201 | caagc-51510 |        0.036 |         0.510 |
| 29844 | caagc-46608 |        0.008 |         0.512 |
| 30002 | caagc-46603 |        0.010 |         0.512 |
| 29895 | caagc-46593 |        0.009 |         0.514 |
| 29897 | caagc-46587 |        0.011 |         0.515 |
| 30208 | caagc-51480 |        0.009 |         0.516 |
| 30004 | caagc-46597 |        0.012 |         0.519 |
| 30156 | caagc-51549 |        0.007 |         0.519 |
| 30189 | caagc-51512 |        0.008 |         0.520 |
| 30165 | caagc-51542 |        0.010 |         0.521 |
| 29565 | caagc-51153 |        0.009 |         0.522 |
| 29578 | caagc-46759 |        0.008 |         0.523 |
| 30026 | caagc-46584 |        0.010 |         0.524 |
| 29898 | caagc-46602 |        0.011 |         0.525 |
| 30022 | caagc-46615 |        0.009 |         0.527 |
| 30170 | caagc-51547 |        0.011 |         0.527 |
| 30175 | caagc-51511 |        0.007 |         0.527 |
| 30166 | caagc-51543 |        0.011 |         0.528 |
| 29978 | caagc-46614 |        0.009 |         0.530 |
| 30203 | caagc-51486 |        0.010 |         0.530 |
| 29574 | caagc-50689 |        0.009 |         0.531 |
| 29896 | caagc-46597 |        0.009 |         0.533 |
| 30021 | caagc-46592 |        0.009 |         0.534 |
| 29907 | caagc-46584 |        0.009 |         0.536 |
| 29830 | caagc-46611 |        0.010 |         0.538 |
| 29892 | caagc-46620 |        0.010 |         0.538 |
| 29829 | caagc-46582 |        0.009 |         0.539 |
| 29994 | caagc-46576 |        0.014 |         0.539 |
| 29996 | caagc-46616 |        0.009 |         0.539 |
| 29823 | caagc-46590 |        0.008 |         0.540 |
| 29878 | caagc-46624 |        0.009 |         0.540 |
| 30154 | caagc-51531 |        0.010 |         0.540 |
| 30207 | caagc-51478 |        0.012 |         0.540 |
| 29813 | caagc-46612 |        0.009 |         0.541 |
| 29872 | caagc-46588 |        0.018 |         0.542 |
| 29877 | caagc-46608 |        0.009 |         0.542 |
| 30169 | caagc-51532 |        0.010 |         0.542 |
| 30200 | caagc-51515 |        0.010 |         0.542 |
| 30134 | caagc-46048 |        0.009 |         0.543 |
| 30143 | caagc-51480 |        0.010 |         0.543 |
| 29845 | caagc-46574 |        0.008 |         0.545 |
| 29903 | caagc-46622 |        0.009 |         0.545 |
| 29853 | caagc-46589 |        0.008 |         0.546 |
| 30009 | caagc-46599 |        0.010 |         0.546 |
| 30159 | caagc-51534 |        0.010 |         0.546 |
| 29821 | caagc-46577 |        0.010 |         0.547 |
| 29833 | caagc-46614 |        0.008 |         0.547 |
| 29831 | caagc-46623 |        0.009 |         0.548 |
| 29879 | caagc-46614 |        0.009 |         0.548 |
| 29904 | caagc-46594 |        0.008 |         0.549 |
| 30204 | caagc-51504 |        0.011 |         0.549 |
| 30216 | caagc-51483 |        0.014 |         0.549 |
| 29867 | caagc-46625 |        0.034 |         0.550 |
| 30157 | caagc-51537 |        0.007 |         0.551 |
| 29900 | caagc-46579 |        0.009 |         0.552 |
| 30014 | caagc-46575 |        0.009 |         0.555 |
| 29550 | caagc-46105 |        0.009 |         0.558 |
| 29727 | caagc-45245 |        0.009 |         0.562 |
| 29553 | caagc-46779 |        0.009 |         0.563 |
| 30020 | caagc-46626 |        0.009 |         0.563 |
| 29908 | caagc-46603 |        0.010 |         0.564 |
| 30140 | caagc-46066 |        0.009 |         0.564 |
| 29552 | caagc-45565 |        0.009 |         0.566 |
| 29889 | caagc-46601 |        0.036 |         0.566 |
| 29569 | caagc-45347 |        0.009 |         0.567 |
| 29993 | caagc-46624 |        0.010 |         0.567 |
| 29843 | caagc-46592 |        0.009 |         0.568 |
| 29854 | caagc-46591 |        0.009 |         0.568 |
| 30087 | caagc-51498 |        0.007 |         0.568 |
| 29585 | caagc-46116 |        0.010 |         0.569 |
| 29840 | caagc-46601 |        0.009 |         0.569 |
| 30131 | caagc-51475 |        0.035 |         0.569 |
| 29884 | caagc-46609 |        0.010 |         0.571 |
| 29987 | caagc-46578 |        0.010 |         0.571 |
| 29421 | caagc-46759 |        0.008 |         0.575 |
| 30218 | caagc-46096 |        0.008 |         0.575 |
| 29575 | caagc-50678 |        0.010 |         0.576 |
| 29847 | caagc-46616 |        0.012 |         0.576 |
| 29873 | caagc-46617 |        0.009 |         0.576 |
| 29882 | caagc-47104 |        0.009 |         0.576 |
| 29984 | caagc-46583 |        0.010 |         0.577 |
| 29591 | caagc-45592 |        0.010 |         0.578 |
| 29893 | caagc-46611 |        0.009 |         0.578 |
| 30079 | caagc-51487 |        0.010 |         0.579 |
| 30164 | caagc-51538 |        0.010 |         0.579 |
| 29846 | caagc-46588 |        0.009 |         0.582 |
| 29973 | caagc-46598 |        0.010 |         0.583 |
| 29584 | caagc-45683 |        0.007 |         0.584 |
| 29814 | caagc-46615 |        0.007 |         0.585 |
| 29820 | caagc-46594 |        0.009 |         0.585 |
| 29888 | caagc-46600 |        0.013 |         0.585 |
| 30219 | caagc-51513 |        0.010 |         0.585 |
| 30025 | caagc-46617 |        0.010 |         0.586 |
| 29566 | caagc-45787 |        0.010 |         0.587 |
| 29862 | caagc-46583 |        0.055 |         0.587 |
| 29981 | caagc-46594 |        0.009 |         0.587 |
| 30015 | caagc-46612 |        0.010 |         0.587 |
| 29558 | caagc-46117 |        0.009 |         0.588 |
| 30028 | caagc-46588 |        0.009 |         0.588 |
| 29436 | caagc-45694 |        0.009 |         0.589 |
| 29868 | caagc-46613 |        0.010 |         0.591 |
| 29998 | caagc-46610 |        0.010 |         0.591 |
| 29894 | caagc-46610 |        0.008 |         0.593 |
| 30138 | caagc-51495 |        0.037 |         0.594 |
| 30193 | caagc-51494 |        0.016 |         0.594 |
| 29850 | caagc-46598 |        0.032 |         0.595 |
| 29805 | caagc-46583 |        0.035 |         0.597 |
| 29887 | caagc-46626 |        0.010 |         0.597 |
| 30102 | caagc-51502 |        0.011 |         0.597 |
| 30173 | caagc-51490 |        0.011 |         0.597 |
| 29577 | caagc-45907 |        0.010 |         0.598 |
| 29971 | caagc-46589 |        0.010 |         0.598 |
| 30003 | caagc-46571 |        0.009 |         0.599 |
| 29551 | caagc-45692 |        0.009 |         0.600 |
| 29902 | caagc-46592 |        0.010 |         0.600 |
| 30061 | caagc-51484 |        0.010 |         0.600 |
| 29811 | caagc-46570 |        0.009 |         0.601 |
| 30024 | caagc-46581 |        0.010 |         0.601 |
| 30184 | caagc-46066 |        0.011 |         0.601 |
| 29738 | caagc-51129 |        0.013 |         0.602 |
| 29910 | caagc-46571 |        0.010 |         0.603 |
| 30103 | caagc-51503 |        0.010 |         0.603 |
| 29804 | caagc-46584 |        0.035 |         0.605 |
| 30106 | caagc-51486 |        0.009 |         0.605 |
| 29822 | caagc-46599 |        0.040 |         0.606 |
| 29587 | jira-16472  |        0.009 |         0.607 |
| 30130 | caagc-51513 |        0.010 |         0.607 |
| 29573 | caagc-50683 |        0.009 |         0.609 |
| 29736 | caagc-45784 |        0.008 |         0.609 |
| 29748 | caagc-45687 |        0.008 |         0.609 |
| 29901 | caagc-46598 |        0.007 |         0.609 |
| 30181 | caagc-51479 |        0.039 |         0.610 |
| 29806 | caagc-46617 |        0.041 |         0.612 |
| 29461 | caagc-50682 |        0.008 |         0.613 |
| 29572 | jira-17447  |        0.009 |         0.613 |
| 30095 | caagc-51488 |        0.010 |         0.613 |
| 29372 | caagc-46625 |        0.008 |         0.616 |
| 29548 | caagc-45786 |        0.012 |         0.616 |
| 30017 | caagc-46580 |        0.007 |         0.616 |
| 30080 | caagc-51477 |        0.019 |         0.616 |
| 30101 | caagc-51505 |        0.010 |         0.616 |
| 30174 | caagc-51472 |        0.010 |         0.617 |
| 30098 | caagc-51490 |        0.009 |         0.618 |
| 30007 | caagc-46601 |        0.012 |         0.619 |
| 29880 | caagc-46581 |        0.009 |         0.620 |
| 29986 | caagc-46577 |        0.010 |         0.620 |
| 29570 | caagc-45584 |        0.009 |         0.621 |
| 29579 | caagc-46119 |        0.010 |         0.621 |
| 30139 | caagc-51477 |        0.009 |         0.622 |
| 29992 | caagc-46593 |        0.009 |         0.623 |
| 30070 | caagc-51481 |        0.011 |         0.623 |
| 30099 | caagc-51475 |        0.010 |         0.623 |
| 30063 | caagc-51509 |        0.009 |         0.626 |
| 30077 | caagc-51497 |        0.010 |         0.626 |
| 29964 | caagc-47104 |        0.009 |         0.627 |
| 29360 | caagc-46613 |        0.008 |         0.628 |
| 29490 | caagc-46597 |        0.011 |         0.628 |
| 29849 | caagc-47104 |        0.009 |         0.628 |
| 29557 | caagc-50681 |        0.010 |         0.629 |
| 30023 | caagc-46608 |        0.007 |         0.629 |
| 29800 | caagc-46613 |        0.009 |         0.630 |
| 29723 | caagc-46100 |        0.009 |         0.631 |
| 29827 | caagc-46581 |        0.015 |         0.631 |
| 29397 | caagc-46571 |        0.009 |         0.632 |
| 30011 | caagc-46623 |        0.011 |         0.632 |
| 30171 | caagc-51530 |        0.009 |         0.632 |
| 30086 | caagc-51507 |        0.010 |         0.633 |
| 30105 | caagc-51506 |        0.009 |         0.633 |
| 29353 | caagc-46578 |        0.008 |         0.634 |
| 30001 | caagc-46609 |        0.014 |         0.634 |
| 30068 | caagc-51482 |        0.010 |         0.634 |
| 30097 | caagc-51470 |        0.010 |         0.634 |
| 29749 | caagc-46233 |        0.009 |         0.635 |
| 30018 | caagc-46611 |        0.010 |         0.636 |
| 30104 | caagc-51479 |        0.008 |         0.636 |
| 29546 | jira-12865  |        0.009 |         0.638 |
| 29812 | caagc-46610 |        0.009 |         0.638 |
| 29527 | caagc-46791 |        0.009 |         0.641 |
| 30062 | caagc-51504 |        0.009 |         0.641 |
| 30067 | caagc-51478 |        0.010 |         0.641 |
| 29486 | caagc-46591 |        0.009 |         0.642 |
| 30005 | caagc-46622 |        0.009 |         0.643 |
| 30074 | caagc-51500 |        0.010 |         0.643 |
| 29489 | jira-17486  |        0.008 |         0.645 |
| 29499 | caagc-46612 |        0.008 |         0.645 |
| 30256 | caagc-51548 |        0.011 |         0.645 |
| 29400 | caagc-46614 |        0.008 |         0.646 |
| 29459 | caagc-46602 |        0.009 |         0.646 |
| 29909 | caagc-46586 |        0.008 |         0.646 |
| 30092 | caagc-46068 |        0.010 |         0.646 |
| 30081 | caagc-51480 |        0.011 |         0.647 |
| 29752 | caagc-45688 |        0.008 |         0.648 |
| 30176 | caagc-46048 |        0.011 |         0.648 |
| 29370 | caagc-46580 |        0.008 |         0.649 |
| 29856 | caagc-46604 |        0.010 |         0.649 |
| 29712 | caagc-46699 |        0.010 |         0.650 |
| 29826 | caagc-46604 |        0.038 |         0.650 |
| 29864 | caagc-46578 |        0.008 |         0.650 |
| 29355 | caagc-46585 |        0.008 |         0.651 |
| 29456 | caagc-49057 |        0.008 |         0.652 |
| 29510 | caagc-50218 |        0.009 |         0.653 |
| 29519 | caagc-46614 |        0.009 |         0.653 |
| 29582 | jira-12869  |        0.009 |         0.656 |
| 29697 | caagc-51395 |        0.008 |         0.656 |
| 30190 | caagc-51501 |        0.058 |         0.656 |
| 29816 | caagc-46626 |        0.034 |         0.657 |
| 30260 | caagc-51538 |        0.007 |         0.657 |
| 29523 | caagc-51120 |        0.009 |         0.658 |
| 30133 | caagc-51481 |        0.013 |         0.658 |
| 29536 | caagc-46577 |        0.009 |         0.659 |
| 29547 | caagc-45785 |        0.008 |         0.659 |
| 29743 | caagc-45689 |        0.009 |         0.659 |
| 29716 | caagc-45621 |        0.009 |         0.660 |
| 29362 | caagc-46475 |        0.007 |         0.661 |
| 29516 | caagc-46758 |        0.009 |         0.661 |
| 29376 | caagc-46594 |        0.008 |         0.662 |
| 29495 | caagc-46622 |        0.008 |         0.662 |
| 29713 | caagc-46782 |        0.009 |         0.662 |
| 29725 | caagc-46101 |        0.009 |         0.664 |
| 29809 | caagc-46603 |        0.016 |         0.664 |
| 30000 | caagc-46585 |        0.011 |         0.664 |
| 29944 | caagc-46584 |        0.012 |         0.665 |
| 29962 | caagc-46624 |        0.010 |         0.665 |
| 29465 | caagc-46592 |        0.009 |         0.666 |
| 29586 | caagc-45629 |        0.009 |         0.666 |
| 30202 | caagc-51488 |        0.043 |         0.666 |
| 29653 | caagc-45979 |        0.010 |         0.667 |
| 30091 | caagc-51485 |        0.010 |         0.667 |
| 29497 | caagc-49837 |        0.008 |         0.668 |
| 29957 | caagc-46593 |        0.009 |         0.668 |
| 30075 | caagc-51491 |        0.036 |         0.668 |
| 30192 | caagc-46068 |        0.014 |         0.669 |
| 30237 | caagc-51530 |        0.008 |         0.670 |
| 30261 | caagc-51542 |        0.010 |         0.670 |
| 29501 | caagc-46475 |        0.009 |         0.671 |
| 30251 | caagc-51552 |        0.011 |         0.671 |
| 29541 | caagc-46598 |        0.015 |         0.672 |
| 29754 | caagc-45684 |        0.009 |         0.672 |
| 29970 | caagc-46617 |        0.009 |         0.672 |
| 30179 | caagc-51487 |        0.040 |         0.672 |
| 30245 | caagc-51547 |        0.008 |         0.674 |
| 29955 | caagc-46612 |        0.010 |         0.676 |
| 29507 | jira-13027  |        0.009 |         0.677 |
| 29645 | caagc-45989 |        0.087 |         0.678 |
| 29728 | caagc-45252 |        0.009 |         0.678 |
| 29745 | caagc-46520 |        0.009 |         0.678 |
| 29836 | caagc-46585 |        0.013 |         0.678 |
| 30059 | caagc-51499 |        0.010 |         0.678 |
| 29346 | caagc-46608 |        0.008 |         0.679 |
| 29371 | caagc-46609 |        0.008 |         0.679 |
| 29563 | caagc-46631 |        0.033 |         0.680 |
| 29919 | caagc-46585 |        0.009 |         0.680 |
| 29450 | caagc-50699 |        0.008 |         0.681 |
| 29518 | caagc-46613 |        0.008 |         0.682 |
| 29650 | caagc-45991 |        0.009 |         0.682 |
| 29838 | caagc-46578 |        0.009 |         0.682 |
| 29394 | caagc-46587 |        0.008 |         0.683 |
| 29521 | jira-12864  |        0.009 |         0.683 |
| 29543 | caagc-46593 |        0.009 |         0.683 |
| 29818 | caagc-46597 |        0.009 |         0.683 |
| 29717 | caagc-45282 |        0.009 |         0.684 |
| 29959 | caagc-46610 |        0.007 |         0.684 |
| 29493 | caagc-46605 |        0.008 |         0.685 |
| 29679 | caagc-46226 |        0.008 |         0.685 |
| 29950 | caagc-46600 |        0.014 |         0.685 |
| 29503 | caagc-46626 |        0.009 |         0.686 |
| 29824 | caagc-46586 |        0.066 |         0.686 |
| 30069 | caagc-51513 |        0.009 |         0.686 |
| 29356 | caagc-46599 |        0.007 |         0.687 |
| 29589 | caagc-45858 |        0.009 |         0.687 |
| 29699 | caagc-45977 |        0.009 |         0.687 |
| 29976 | caagc-46582 |        0.077 |         0.687 |
| 29348 | caagc-46574 |        0.030 |         0.689 |
| 29482 | caagc-46610 |        0.009 |         0.689 |
| 29528 | caagc-46576 |        0.008 |         0.689 |
| 29768 | caagc-46627 |        0.009 |         0.689 |
| 29746 | caagc-45638 |        0.009 |         0.690 |
| 29958 | caagc-46592 |        0.012 |         0.690 |
| 29975 | caagc-46620 |        0.010 |         0.690 |
| 30078 | caagc-51476 |        0.010 |         0.690 |
| 29567 | caagc-46505 |        0.009 |         0.691 |
| 29703 | caagc-45994 |        0.009 |         0.691 |
| 29737 | caagc-46689 |        0.009 |         0.691 |
| 29807 | caagc-46576 |        0.030 |         0.691 |
| 29525 | caagc-51451 |        0.011 |         0.693 |
| 30083 | caagc-51471 |        0.010 |         0.693 |
| 30093 | caagc-51489 |        0.010 |         0.693 |
| 29460 | caagc-46603 |        0.032 |         0.694 |
| 29694 | caagc-46231 |        0.009 |         0.694 |
| 29732 | caagc-45303 |        0.008 |         0.694 |
| 29734 | caagc-46121 |        0.008 |         0.694 |
| 30008 | caagc-46570 |        0.010 |         0.694 |
| 29379 | caagc-46626 |        0.008 |         0.696 |
| 29401 | caagc-46577 |        0.008 |         0.696 |
| 29649 | caagc-46031 |        0.009 |         0.696 |
| 30082 | caagc-51483 |        0.017 |         0.696 |
| 30100 | caagc-46096 |        0.011 |         0.696 |
| 29382 | caagc-46591 |        0.066 |         0.697 |
| 29496 | caagc-46575 |        0.009 |         0.697 |
| 29936 | caagc-46578 |        0.010 |         0.697 |
| 30012 | caagc-46591 |        0.009 |         0.697 |
| 30084 | caagc-51493 |        0.010 |         0.697 |
| 30255 | caagc-51544 |        0.010 |         0.697 |
| 29449 | caagc-46608 |        0.009 |         0.698 |
| 29668 | caagc-45996 |        0.008 |         0.698 |
| 29787 | caagc-46214 |        0.009 |         0.698 |
| 29524 | caagc-46625 |        0.009 |         0.699 |
| 29920 | caagc-46623 |        0.009 |         0.699 |
| 30085 | caagc-51501 |        0.010 |         0.701 |
| 29875 | caagc-46585 |        0.009 |         0.703 |
| 29912 | caagc-46598 |        0.012 |         0.703 |
| 29961 | caagc-46590 |        0.009 |         0.703 |
| 29925 | caagc-46582 |        0.009 |         0.705 |
| 29960 | caagc-46577 |        0.010 |         0.705 |
| 30243 | caagc-51541 |        0.008 |         0.705 |
| 29837 | caagc-46569 |        0.013 |         0.706 |
| 29389 | caagc-46616 |        0.008 |         0.707 |
| 29508 | caagc-46611 |        0.008 |         0.707 |
| 29568 | caagc-46104 |        0.009 |         0.707 |
| 29730 | jira-12861  |        0.009 |         0.707 |
| 29954 | caagc-46571 |        0.009 |         0.707 |
| 29678 | caagc-46229 |        0.009 |         0.709 |
| 29937 | caagc-46615 |        0.010 |         0.709 |
| 29965 | caagc-46609 |        0.010 |         0.709 |
| 29364 | caagc-46624 |        0.008 |         0.710 |
| 29709 | jira-12930  |        0.009 |         0.710 |
| 29520 | caagc-46594 |        0.009 |         0.711 |
| 29538 | caagc-51447 |        0.009 |         0.711 |
| 30064 | caagc-46066 |        0.009 |         0.711 |
| 29463 | caagc-49060 |        0.009 |         0.712 |
| 29475 | caagc-46601 |        0.009 |         0.712 |
| 29642 | caagc-45993 |        0.009 |         0.712 |
| 29665 | caagc-45976 |        0.010 |         0.712 |
| 29388 | caagc-46597 |        0.009 |         0.713 |
| 29473 | caagc-51118 |        0.008 |         0.713 |
| 29974 | caagc-46605 |        0.009 |         0.713 |
| 30089 | caagc-51512 |        0.010 |         0.713 |
| 29448 | caagc-46584 |        0.010 |         0.714 |
| 30167 | caagc-51548 |        0.010 |         0.714 |
| 29771 | caagc-46211 |        0.009 |         0.715 |
| 29963 | caagc-46601 |        0.010 |         0.715 |
| 29700 | caagc-45992 |        0.009 |         0.716 |
| 29480 | jira-13026  |        0.010 |         0.717 |
| 29683 | caagc-45985 |        0.009 |         0.717 |
| 30088 | caagc-51496 |        0.009 |         0.717 |
| 29387 | caagc-46610 |        0.007 |         0.718 |
| 29865 | caagc-46576 |        0.008 |         0.718 |
| 29640 | caagc-46441 |        0.011 |         0.719 |
| 29815 | caagc-46609 |        0.012 |         0.719 |
| 29535 | jira-17547  |        0.010 |         0.720 |
| 29652 | caagc-45984 |        0.010 |         0.720 |
| 29681 | caagc-46222 |        0.007 |         0.720 |
| 29803 | caagc-46602 |        0.038 |         0.720 |
| 29886 | caagc-46615 |        0.010 |         0.720 |
| 29918 | caagc-46591 |        0.009 |         0.720 |
| 29661 | caagc-46021 |        0.011 |         0.721 |
| 29671 | caagc-45978 |        0.010 |         0.721 |
| 29492 | caagc-46620 |        0.008 |         0.722 |
| 29995 | caagc-46600 |        0.009 |         0.722 |
| 29537 | caagc-46609 |        0.010 |         0.723 |
| 29564 | caagc-45682 |        0.010 |         0.723 |
| 29939 | caagc-46599 |        0.009 |         0.723 |
| 29747 | caagc-45259 |        0.009 |         0.724 |
| 29774 | caagc-46196 |        0.017 |         0.724 |
| 29381 | caagc-49060 |        0.008 |         0.725 |
| 29471 | caagc-46623 |        0.010 |         0.725 |
| 29779 | caagc-46187 |        0.009 |         0.725 |
| 29780 | caagc-46683 |        0.014 |         0.726 |
| 29914 | caagc-46587 |        0.010 |         0.726 |
| 29380 | caagc-46592 |        0.008 |         0.727 |
| 29458 | caagc-46532 |        0.008 |         0.727 |
| 29532 | caagc-46621 |        0.008 |         0.727 |
| 29580 | caagc-45685 |        0.008 |         0.727 |
| 29731 | caagc-45634 |        0.009 |         0.727 |
| 29927 | caagc-46597 |        0.009 |         0.727 |
| 29969 | caagc-46620 |        0.009 |         0.727 |
| 29979 | caagc-46613 |        0.009 |         0.727 |
| 30060 | caagc-51473 |        0.010 |         0.727 |
| 29337 | caagc-46620 |        0.007 |         0.728 |
| 29531 | caagc-50646 |        0.079 |         0.728 |
| 29701 | caagc-45990 |        0.008 |         0.728 |
| 29782 | caagc-46193 |        0.009 |         0.728 |
| 29404 | caagc-51379 |        0.008 |         0.729 |
| 29744 | caagc-45244 |        0.008 |         0.729 |
| 29403 | caagc-46612 |        0.009 |         0.730 |
| 29479 | caagc-51119 |        0.008 |         0.730 |
| 29664 | caagc-45997 |        0.006 |         0.730 |
| 29462 | caagc-46581 |        0.032 |         0.731 |
| 29452 | caagc-46582 |        0.032 |         0.732 |
| 29357 | caagc-46601 |        0.008 |         0.733 |
| 29540 | caagc-51379 |        0.009 |         0.733 |
| 29781 | caagc-46191 |        0.009 |         0.733 |
| 29997 | caagc-46587 |        0.013 |         0.733 |
| 29788 | caagc-46212 |        0.009 |         0.734 |
| 29905 | caagc-46574 |        0.009 |         0.734 |
| 29466 | caagc-46615 |        0.009 |         0.735 |
| 29721 | caagc-45562 |        0.009 |         0.735 |
| 29932 | caagc-46626 |        0.009 |         0.735 |
| 29943 | caagc-46574 |        0.010 |         0.735 |
| 29344 | caagc-46575 |        0.008 |         0.736 |
| 29719 | caagc-46069 |        0.009 |         0.736 |
| 29702 | caagc-46216 |        0.010 |         0.737 |
| 29720 | caagc-45579 |        0.009 |         0.737 |
| 29915 | caagc-46605 |        0.009 |         0.737 |
| 29968 | caagc-46621 |        0.010 |         0.737 |
| 29722 | caagc-46722 |        0.009 |         0.738 |
| 29772 | caagc-46202 |        0.009 |         0.738 |
| 29345 | caagc-47104 |        0.008 |         0.739 |
| 29491 | caagc-46624 |        0.010 |         0.740 |
| 29529 | jira-17573  |        0.010 |         0.741 |
| 29750 | caagc-45624 |        0.007 |         0.742 |
| 30238 | caagc-51545 |        0.036 |         0.743 |
| 29899 | caagc-46590 |        0.009 |         0.744 |
| 29929 | caagc-46580 |        0.011 |         0.744 |
| 29948 | caagc-46625 |        0.014 |         0.745 |
| 29476 | jira-17493  |        0.009 |         0.746 |
| 29555 | caagc-46114 |        0.010 |         0.747 |
| 29638 | caagc-45987 |        0.009 |         0.748 |
| 29733 | caagc-45613 |        0.010 |         0.748 |
| 29560 | caagc-45335 |        0.008 |         0.749 |
| 29691 | caagc-46221 |        0.009 |         0.749 |
| 29793 | caagc-46190 |        0.009 |         0.749 |
| 29945 | caagc-46616 |        0.010 |         0.749 |
| 29336 | caagc-51447 |        0.008 |         0.750 |
| 29834 | caagc-46625 |        0.017 |         0.751 |
| 29534 | caagc-46579 |        0.008 |         0.752 |
| 29794 | caagc-46186 |        0.009 |         0.752 |
| 29761 | caagc-46195 |        0.011 |         0.753 |
| 29776 | caagc-46203 |        0.009 |         0.753 |
| 29924 | caagc-46588 |        0.037 |         0.753 |
| 30094 | caagc-51474 |        0.009 |         0.753 |
| 29351 | jira-13027  |        0.008 |         0.754 |
| 29817 | caagc-46575 |        0.010 |         0.756 |
| 29942 | caagc-46581 |        0.033 |         0.756 |
| 29946 | caagc-46622 |        0.018 |         0.756 |
| 29385 | caagc-46584 |        0.008 |         0.757 |
| 29469 | caagc-46590 |        0.010 |         0.757 |
| 29526 | caagc-46559 |        0.009 |         0.757 |
| 29790 | caagc-46197 |        0.010 |         0.757 |
| 30241 | caagc-51549 |        0.011 |         0.757 |
| 29506 | caagc-51126 |        0.009 |         0.758 |
| 29795 | caagc-46213 |        0.008 |         0.758 |
| 29859 | caagc-46599 |        0.035 |         0.759 |
| 30090 | caagc-51492 |        0.012 |         0.759 |
| 30149 | caagc-51548 |        0.011 |         0.759 |
| 29504 | caagc-46604 |        0.010 |         0.760 |
| 29695 | caagc-45975 |        0.012 |         0.760 |
| 29739 | caagc-45281 |        0.009 |         0.760 |
| 30013 | caagc-46569 |        0.009 |         0.760 |
| 29514 | caagc-50663 |        0.008 |         0.761 |
| 29670 | caagc-45981 |        0.008 |         0.761 |
| 29755 | caagc-45327 |        0.037 |         0.761 |
| 29913 | caagc-46570 |        0.010 |         0.761 |
| 29556 | caagc-45641 |        0.010 |         0.764 |
| 29672 | caagc-45980 |        0.009 |         0.764 |
| 29766 | caagc-46210 |        0.009 |         0.764 |
| 29406 | caagc-46611 |        0.008 |         0.765 |
| 29512 | caagc-46570 |        0.012 |         0.765 |
| 30121 | caagc-51521 |        0.007 |         0.765 |
| 30123 | caagc-51540 |        0.017 |         0.765 |
| 29390 | caagc-46623 |        0.030 |         0.766 |
| 29375 | caagc-46581 |        0.008 |         0.767 |
| 29828 | caagc-46593 |        0.057 |         0.767 |
| 30107 | caagc-51508 |        0.035 |         0.767 |
| 29484 | caagc-46580 |        0.009 |         0.768 |
| 30163 | caagc-51552 |        0.009 |         0.768 |
| 29509 | jira-16342  |        0.009 |         0.769 |
| 29785 | caagc-46201 |        0.008 |         0.769 |
| 29361 | caagc-46598 |        0.007 |         0.771 |
| 29940 | caagc-46576 |        0.013 |         0.771 |
| 29354 | caagc-46757 |        0.008 |         0.772 |
| 30151 | caagc-51546 |        0.010 |         0.772 |
| 30198 | caagc-51502 |        0.008 |         0.772 |
| 29729 | caagc-45703 |        0.028 |         0.773 |
| 29832 | caagc-46620 |        0.009 |         0.773 |
| 30206 | caagc-51500 |        0.011 |         0.773 |
| 29377 | caagc-46615 |        0.008 |         0.777 |
| 29693 | caagc-45973 |        0.031 |         0.777 |
| 29767 | caagc-46207 |        0.009 |         0.777 |
| 29686 | caagc-46215 |        0.031 |         0.778 |
| 29841 | caagc-46589 |        0.009 |         0.779 |
| 29405 | caagc-46604 |        0.029 |         0.780 |
| 29533 | caagc-51121 |        0.009 |         0.781 |
| 29502 | caagc-46583 |        0.009 |         0.782 |
| 29562 | jira-12931  |        0.016 |         0.783 |
| 29392 | caagc-49043 |        0.007 |         0.784 |
| 29967 | caagc-46602 |        0.010 |         0.784 |
| 29391 | caagc-46600 |        0.008 |         0.785 |
| 29674 | caagc-45986 |        0.011 |         0.786 |
| 29657 | caagc-45995 |        0.016 |         0.787 |
| 29340 | caagc-46603 |        0.007 |         0.788 |
| 29777 | caagc-46199 |        0.006 |         0.788 |
| 29802 | caagc-46591 |        0.033 |         0.788 |
| 30096 | caagc-46048 |        0.009 |         0.791 |
| 29369 | caagc-50663 |        0.007 |         0.792 |
| 29770 | caagc-46200 |        0.012 |         0.792 |
| 29842 | caagc-46587 |        0.009 |         0.792 |
| 30117 | caagc-51526 |        0.011 |         0.792 |
| 29641 | caagc-46225 |        0.008 |         0.793 |
| 29347 | caagc-51194 |        0.030 |         0.795 |
| 29505 | caagc-51176 |        0.008 |         0.796 |
| 29792 | caagc-46198 |        0.009 |         0.797 |
| 29660 | caagc-46228 |        0.008 |         0.798 |
| 29760 | caagc-46209 |        0.009 |         0.798 |
| 30111 | caagc-51527 |        0.010 |         0.798 |
| 30150 | caagc-51547 |        0.010 |         0.798 |
| 30152 | caagc-51549 |        0.010 |         0.798 |
| 29399 | caagc-46579 |        0.009 |         0.799 |
| 30066 | caagc-51495 |        0.011 |         0.799 |
| 30116 | caagc-51525 |        0.009 |         0.799 |
| 29588 | caagc-51157 |        0.009 |         0.800 |
| 30127 | caagc-51538 |        0.008 |         0.800 |
| 29358 | caagc-51176 |        0.010 |         0.801 |
| 29783 | caagc-46208 |        0.009 |         0.801 |
| 29363 | jira-17573  |        0.007 |         0.802 |
| 29457 | caagc-46600 |        0.009 |         0.804 |
| 29714 | caagc-46691 |        0.009 |         0.804 |
| 29708 | caagc-45330 |        0.010 |         0.805 |
| 29350 | caagc-46589 |        0.008 |         0.806 |
| 29338 | caagc-50679 |        0.011 |         0.807 |
| 30016 | caagc-46621 |        0.009 |         0.807 |
| 29643 | caagc-46224 |        0.008 |         0.808 |
| 29445 | jira-17487  |        0.008 |         0.812 |
| 29949 | caagc-46579 |        0.008 |         0.813 |
| 29951 | caagc-46583 |        0.009 |         0.814 |
| 30057 | caagc-51519 |        0.009 |         0.814 |
| 29692 | caagc-46217 |        0.012 |         0.815 |
| 30114 | caagc-51532 |        0.011 |         0.815 |
| 29368 | caagc-46588 |        0.008 |         0.817 |
| 29383 | jira-12864  |        0.008 |         0.818 |
| 29477 | caagc-46780 |        0.008 |         0.820 |
| 29451 | caagc-51124 |        0.013 |         0.821 |
| 29775 | caagc-46205 |        0.009 |         0.821 |
| 29999 | caagc-46625 |        0.073 |         0.821 |
| 29367 | caagc-46602 |        0.008 |         0.822 |
| 29666 | caagc-46223 |        0.008 |         0.822 |
| 30113 | caagc-51529 |        0.010 |         0.823 |
| 29395 | caagc-46617 |        0.008 |         0.824 |
| 29680 | caagc-45893 |        0.009 |         0.827 |
| 29757 | caagc-46189 |        0.009 |         0.831 |
| 29635 | caagc-45974 |        0.009 |         0.832 |
| 29711 | caagc-45285 |        0.006 |         0.832 |
| 30122 | caagc-51537 |        0.011 |         0.832 |
| 29378 | caagc-51121 |        0.008 |         0.833 |
| 30148 | caagc-51544 |        0.011 |         0.835 |
| 30109 | caagc-51523 |        0.009 |         0.837 |
| 29765 | caagc-46194 |        0.009 |         0.838 |
| 30019 | caagc-46574 |        0.010 |         0.840 |
| 29500 | caagc-46589 |        0.009 |         0.841 |
| 29835 | caagc-46579 |        0.010 |         0.842 |
| 30282 | caagc-51546 |        0.010 |         0.842 |
| 29464 | caagc-47104 |        0.034 |         0.843 |
| 29947 | caagc-46575 |        0.010 |         0.843 |
| 29374 | jira-13026  |        0.007 |         0.845 |
| 29513 | caagc-46578 |        0.009 |         0.845 |
| 29707 | caagc-45639 |        0.008 |         0.845 |
| 29756 | caagc-45710 |        0.008 |         0.845 |
| 30055 | caagc-51518 |        0.009 |         0.845 |
| 29402 | caagc-46622 |        0.007 |         0.846 |
| 29789 | caagc-46206 |        0.009 |         0.846 |
| 30153 | caagc-51533 |        0.009 |         0.848 |
| 29966 | caagc-46614 |        0.010 |         0.850 |
| 30056 | caagc-51520 |        0.007 |         0.852 |
| 30125 | caagc-51543 |        0.009 |         0.854 |
| 29662 | caagc-45889 |        0.009 |         0.857 |
| 29857 | caagc-46623 |        0.008 |         0.857 |
| 30247 | caagc-51518 |        0.010 |         0.857 |
| 29467 | jira-13029  |        0.032 |         0.858 |
| 30288 | caagc-51477 |        0.012 |         0.858 |
| 29930 | caagc-46586 |        0.011 |         0.860 |
| 29669 | caagc-46220 |        0.010 |         0.862 |
| 30246 | caagc-51516 |        0.012 |         0.862 |
| 29735 | caagc-46123 |        0.008 |         0.864 |
| 29784 | caagc-45752 |        0.008 |         0.864 |
| 30071 | caagc-51511 |        0.016 |         0.865 |
| 29349 | caagc-46758 |        0.012 |         0.867 |
| 29825 | caagc-46580 |        0.009 |         0.868 |
| 29454 | caagc-46480 |        0.009 |         0.869 |
| 29474 | caagc-46617 |        0.009 |         0.869 |
| 29481 | caagc-46473 |        0.008 |         0.871 |
| 29786 | caagc-46192 |        0.009 |         0.871 |
| 29444 | caagc-46757 |        0.009 |         0.874 |
| 30244 | caagc-51526 |        0.010 |         0.875 |
| 29384 | caagc-50699 |        0.008 |         0.877 |
| 30119 | caagc-51530 |        0.010 |         0.879 |
| 30235 | caagc-51543 |        0.010 |         0.879 |
| 29446 | caagc-51128 |        0.009 |         0.881 |
| 29810 | caagc-46621 |        0.009 |         0.882 |
| 30128 | caagc-51539 |        0.008 |         0.884 |
| 30226 | caagc-51524 |        0.010 |         0.885 |
| 29639 | caagc-46218 |        0.009 |         0.887 |
| 29366 | caagc-46590 |        0.007 |         0.888 |
| 29883 | caagc-46570 |        0.053 |         0.888 |
| 30112 | caagc-51522 |        0.009 |         0.888 |
| 29778 | caagc-46188 |        0.010 |         0.891 |
| 29690 | caagc-45982 |        0.008 |         0.892 |
| 29808 | caagc-46624 |        0.008 |         0.893 |
| 30266 | caagc-51527 |        0.011 |         0.894 |
| 29637 | caagc-45988 |        0.009 |         0.896 |
| 30168 | caagc-51529 |        0.010 |         0.896 |
| 30120 | caagc-51531 |        0.035 |         0.897 |
| 29687 | caagc-45891 |        0.009 |         0.899 |
| 30223 | caagc-51534 |        0.010 |         0.901 |
| 29335 | caagc-46605 |        0.008 |         0.902 |
| 29373 | caagc-46570 |        0.008 |         0.903 |
| 29684 | caagc-46227 |        0.006 |         0.904 |
| 29758 | caagc-46204 |        0.008 |         0.904 |
| 30264 | caagc-51528 |        0.010 |         0.905 |
| 29530 | caagc-46642 |        0.009 |         0.906 |
| 30110 | caagc-51524 |        0.011 |         0.906 |
| 29539 | caagc-51125 |        0.009 |         0.909 |
| 29559 | caagc-51149 |        0.015 |         0.911 |
| 30147 | caagc-51545 |        0.009 |         0.912 |
| 30254 | caagc-46614 |        0.008 |         0.912 |
| 29934 | caagc-46603 |        0.008 |         0.919 |
| 29860 | caagc-46569 |        0.009 |         0.920 |
| 29628 | caagc-45983 |        0.009 |         0.921 |
| 29753 | caagc-45336 |        0.008 |         0.926 |
| 29726 | caagc-45600 |        0.009 |         0.927 |
| 29710 | caagc-45662 |        0.009 |         0.930 |
| 29917 | caagc-46611 |        0.009 |         0.933 |
| 29365 | caagc-46473 |        0.031 |         0.935 |
| 30072 | caagc-51514 |        0.013 |         0.935 |
| 29468 | caagc-46586 |        0.012 |         0.936 |
| 30289 | caagc-46589 |        0.010 |         0.936 |
| 30228 | caagc-46592 |        0.011 |         0.939 |
| 29542 | caagc-46588 |        0.008 |         0.940 |
| 29359 | caagc-46621 |        0.008 |         0.943 |
| 30250 | caagc-51517 |        0.037 |         0.944 |
| 29819 | caagc-46622 |        0.033 |         0.946 |
| 29715 | caagc-45652 |        0.011 |         0.947 |
| 29718 | caagc-45276 |        0.008 |         0.949 |
| 29839 | caagc-46600 |        0.009 |         0.951 |
| 30277 | caagc-46625 |        0.010 |         0.951 |
| 29483 | caagc-46525 |        0.009 |         0.952 |
| 29494 | caagc-51194 |        0.009 |         0.956 |
| 29437 | caagc-45592 |        0.009 |         0.957 |
| 30108 | caagc-51528 |        0.011 |         0.957 |
| 29801 | caagc-46571 |        0.009 |         0.959 |
| 29659 | caagc-46219 |        0.010 |         0.961 |
| 30284 | caagc-51523 |        0.015 |         0.964 |
| 30034 | caagc-51497 |        0.010 |         0.965 |
| 30252 | caagc-46585 |        0.011 |         0.968 |
| 29891 | caagc-46612 |        0.036 |         0.969 |
| 29972 | caagc-46602 |        0.010 |         0.969 |
| 29396 | caagc-50682 |        0.008 |         0.970 |
| 30242 | caagc-46575 |        0.010 |         0.970 |
| 29447 | caagc-46599 |        0.031 |         0.972 |
| 29762 | caagc-45919 |        0.033 |         0.974 |
| 30240 | caagc-46583 |        0.010 |         0.974 |
| 30045 | caagc-51507 |        0.009 |         0.976 |
| 30279 | caagc-46594 |        0.012 |         0.977 |
| 30281 | caagc-46617 |        0.010 |         0.977 |
| 30273 | caagc-46605 |        0.010 |         0.978 |
| 29487 | caagc-46569 |        0.008 |         0.979 |
| 30225 | caagc-46574 |        0.007 |         0.979 |
| 29470 | caagc-49043 |        0.008 |         0.983 |
| 30271 | caagc-46613 |        0.010 |         0.983 |
| 29453 | jira-12868  |        0.008 |         0.985 |
| 30270 | caagc-46598 |        0.022 |         0.986 |
| 30227 | caagc-46611 |        0.010 |         0.989 |
| 30267 | caagc-46602 |        0.010 |         0.989 |
| 29455 | jira-17635  |        0.008 |         0.990 |
| 30275 | caagc-46603 |        0.010 |         0.992 |
| 29515 | jira-12863  |        0.009 |         0.995 |
| 29522 | caagc-46571 |        0.009 |         0.996 |
| 30283 | caagc-46576 |        0.007 |         0.997 |
| 29870 | caagc-46605 |        0.008 |         0.998 |
| 29386 | caagc-46593 |        0.007 |         1.000 |
| 29991 | caagc-51493 |        0.009 |         1.000 |
| 30285 | caagc-46593 |        0.011 |         1.001 |
| 30037 | caagc-51498 |        0.009 |         1.003 |
| 30047 | caagc-51510 |        0.009 |         1.004 |
| 30262 | caagc-46624 |        0.011 |         1.008 |
| 30230 | caagc-46620 |        0.008 |         1.010 |
| 30263 | caagc-47104 |        0.012 |         1.010 |
| 30274 | caagc-46582 |        0.014 |         1.010 |
| 30278 | caagc-46612 |        0.011 |         1.011 |
| 29517 | caagc-46616 |        0.009 |         1.014 |
| 29791 | caagc-45934 |        0.008 |         1.016 |
| 29343 | caagc-46586 |        0.008 |         1.024 |
| 30058 | caagc-51510 |        0.010 |         1.026 |
| 29478 | caagc-46585 |        0.011 |         1.028 |
| 30036 | caagc-51500 |        0.010 |         1.030 |
| 29871 | caagc-51476 |        0.009 |         1.032 |
| 30044 | caagc-51509 |        0.009 |         1.032 |
| 29488 | caagc-46474 |        0.009 |         1.035 |
| 30258 | caagc-46579 |        0.010 |         1.035 |
| 29724 | caagc-45258 |        0.013 |         1.037 |
| 30253 | caagc-46578 |        0.011 |         1.037 |
| 30269 | caagc-46584 |        0.007 |         1.037 |
| 29571 | caagc-45665 |        0.009 |         1.042 |
| 30033 | caagc-51499 |        0.010 |         1.043 |
| 29980 | caagc-51492 |        0.007 |         1.044 |
| 30233 | caagc-46604 |        0.008 |         1.045 |
| 29926 | caagc-51482 |        0.011 |         1.049 |
| 29931 | caagc-51487 |        0.015 |         1.054 |
| 29675 | caagc-46232 |        0.010 |         1.056 |
| 30291 | caagc-46621 |        0.008 |         1.062 |
| 30248 | caagc-46600 |        0.034 |         1.063 |
| 30257 | caagc-46609 |        0.010 |         1.063 |
| 30259 | caagc-46571 |        0.010 |         1.069 |
| 30234 | caagc-46587 |        0.011 |         1.070 |
| 29916 | caagc-46589 |        0.036 |         1.071 |
| 29956 | caagc-46569 |        0.010 |         1.071 |
| 30124 | caagc-51542 |        0.010 |         1.072 |
| 29751 | caagc-45291 |        0.010 |         1.074 |
| 30035 | caagc-51495 |        0.009 |         1.080 |
| 29432 | caagc-45692 |        0.008 |         1.081 |
| 29952 | caagc-46608 |        0.036 |         1.081 |
| 30031 | caagc-51496 |        0.024 |         1.081 |
| 30239 | caagc-46597 |        0.010 |         1.083 |
| 30265 | caagc-46586 |        0.011 |         1.089 |
| 29928 | caagc-51480 |        0.014 |         1.091 |
| 29418 | caagc-45335 |        0.009 |         1.092 |
| 30286 | caagc-51521 |        0.009 |         1.096 |
| 29933 | caagc-51479 |        0.009 |         1.103 |
| 29342 | caagc-49057 |        0.031 |         1.106 |
| 30290 | caagc-51479 |        0.011 |         1.106 |
| 30050 | caagc-51514 |        0.010 |         1.108 |
| 29583 | caagc-45680 |        0.009 |         1.110 |
| 30287 | caagc-46601 |        0.010 |         1.113 |
| 30073 | caagc-51494 |        0.010 |         1.115 |
| 30232 | caagc-46581 |        0.014 |         1.118 |
| 30048 | caagc-51508 |        0.009 |         1.123 |
| 30224 | caagc-46622 |        0.016 |         1.127 |
| 29511 | caagc-46574 |        0.009 |         1.136 |
| 29740 | caagc-45578 |        0.009 |         1.147 |
| 29941 | caagc-51484 |        0.013 |         1.148 |
| 29985 | caagc-51491 |        0.010 |         1.150 |
| 29407 | caagc-46582 |        0.011 |         1.154 |
| 29869 | caagc-51472 |        0.009 |         1.156 |
| 29398 | jira-12868  |        0.008 |         1.159 |
| 29769 | caagc-51465 |        0.011 |         1.161 |
| 30115 | caagc-51534 |        0.009 |         1.162 |
| 30231 | caagc-46626 |        0.011 |         1.163 |
| 29866 | caagc-51477 |        0.010 |         1.168 |
| 30049 | caagc-51513 |        0.010 |         1.174 |
| 30032 | caagc-51494 |        0.011 |         1.175 |
| 30053 | caagc-51516 |        0.009 |         1.177 |
| 30043 | caagc-51503 |        0.010 |         1.180 |
| 30046 | caagc-51511 |        0.036 |         1.180 |
| 29977 | caagc-51488 |        0.008 |         1.181 |
| 29498 | caagc-50679 |        0.009 |         1.198 |
| 29848 | caagc-46605 |        0.031 |         1.202 |
| 29334 | caagc-46525 |        0.009 |         1.213 |
| 29352 | caagc-46583 |        0.015 |         1.217 |
| 29922 | caagc-46604 |        0.051 |         1.217 |
| 30118 | caagc-51533 |        0.010 |         1.217 |
| 29339 | caagc-46576 |        0.032 |         1.220 |
| 30051 | caagc-51512 |        0.009 |         1.220 |
| 29935 | caagc-51485 |        0.010 |         1.224 |
| 29759 | caagc-51464 |        0.010 |         1.227 |
| 30272 | caagc-46570 |        0.010 |         1.229 |
| 29773 | caagc-51463 |        0.009 |         1.234 |
| 29798 | caagc-51461 |        0.009 |         1.235 |
| 29982 | caagc-51489 |        0.012 |         1.239 |
| 30039 | caagc-51506 |        0.010 |         1.240 |
| 29688 | caagc-51459 |        0.006 |         1.241 |
| 29874 | caagc-51475 |        0.010 |         1.249 |
| 30042 | caagc-51504 |        0.035 |         1.249 |
| 30054 | caagc-51517 |        0.009 |         1.249 |
| 29341 | caagc-46569 |        0.011 |         1.256 |
| 30065 | caagc-51472 |        0.010 |         1.257 |
| 29921 | caagc-51483 |        0.035 |         1.276 |
| 29953 | caagc-46613 |        0.010 |         1.280 |
| 29923 | caagc-51481 |        0.009 |         1.283 |
| 29741 | caagc-45645 |        0.009 |         1.289 |
| 30236 | caagc-46616 |        0.037 |         1.290 |
| 29764 | caagc-51462 |        0.010 |         1.292 |
| 29590 | caagc-51455 |        0.009 |         1.293 |
| 29861 | caagc-51474 |        0.009 |         1.295 |
| 30280 | caagc-46623 |        0.011 |         1.297 |
| 30029 | caagc-51502 |        0.014 |         1.298 |
| 29689 | caagc-51458 |        0.010 |         1.303 |
| 30268 | caagc-46588 |        0.011 |         1.304 |
| 29763 | caagc-51467 |        0.010 |         1.326 |
| 29333 | jira-17720  |        0.008 |         1.359 |
| 29863 | caagc-51473 |        0.036 |         1.362 |
| 29938 | caagc-51486 |        0.010 |         1.371 |
| 29796 | caagc-51466 |        0.009 |         1.386 |
| 29644 | caagc-51460 |        0.009 |         1.411 |
| 30030 | caagc-51501 |        0.010 |         1.416 |
| 29852 | caagc-51470 |        0.009 |         1.431 |
| 29858 | caagc-51478 |        0.009 |         1.431 |
| 29851 | caagc-51471 |        0.008 |         1.480 |
| 30052 | caagc-51515 |        0.020 |         1.483 |
| 30229 | caagc-46569 |        0.010 |         1.490 |
| 30040 | caagc-51505 |        0.011 |         1.509 |
| 29417 | caagc-46116 |        0.008 |         1.656 |
| 29648 | caagc-46230 |        0.009 |         1.755 |
| 30276 | caagc-46590 |        0.014 |         2.098 |
| 29472 | caagc-46587 |        0.008 |         2.695 |
| 29705 | caagc-45290 |        0.009 |         2.949 |
| 29799 | caagc-46626 |        0.010 |         3.721 |
| 29706 | caagc-45324 |        0.010 |        12.455 |
| 29442 | caagc-45785 |        0.008 |        40.200 |
| 30197 | caagc-51496 |        0.010 |        40.560 |
| 29990 | caagc-46604 |        0.010 |        40.603 |
| 29545 | caagc-46120 |        0.009 |        40.621 |
| 30249 | caagc-51537 |        0.010 |        40.683 |
| 29911 | caagc-46594 |        0.009 |        40.724 |
| 29647 | caagc-45825 |        0.008 |        40.742 |
| 29485 | caagc-51122 |        0.009 |        40.788 |
| 30126 | caagc-51541 |        0.008 |        40.944 |
| 30076 | caagc-51515 |        0.010 |        40.950 |
| 29988 | caagc-51490 |        0.010 |        41.183 |
+-------+-------------+--------------+---------------+
+-------+------------+--------+--------+--------+--------+-------------+-------------+-------------+-------------+-------------+--------------+---------+--------------+
| items | art_stddev | min_rt | avg_rt | cvr_68 | max_rt | pend_stddev | pend_min_rt | pend_avg_rt | pend_cvr_68 | pend_max_rt | tml+stdev_68 | tml_art | tml-stdev_68 |
+-------+------------+--------+--------+--------+--------+-------------+-------------+-------------+-------------+-------------+--------------+---------+--------------+
|   959 |      4.290 |  0.015 |  1.188 |  3.333 | 41.183 |       0.009 |       0.006 |       0.012 |       2.157 |       0.087 |       17.939 |  49.997 |      -63.521 |
+-------+------------+--------+--------+--------+--------+-------------+-------------+-------------+-------------+-------------+--------------+---------+--------------+
